1
2,1,1,1,1,1,1,1,1
2,1,1,1,1
2
4,2,2
2,1,1
2
4,2
4
4,2,2,2,2,2,2,1,1,1,1,1,1,1,1
4,2,2,2,2,2
8,4,4,4,4,4,2,2,2,2
4,2,2,2,2,2,2
4,2,2,2,2
8,4,4,4,4,4
4,2,2,2,2,2,2,2,2,2,2,2,2,1,1,1,1,1,1,1,1
4,2,2,2,2
4,2,2
4
8,4,4
8,4,4,4,4,4,4,4,2,2,2,2
16,8,8,8,8,8,8,4,4,4,4
8,4,4,4,4,4,4,2,2,2,2
8,4,4,4
4,2,2,2,2,1,1,1,1
4,2,2
4,2,2,2,2
4,2,2,2
4
4,2,2
4,2
4,2,2
4
4,2,2
8,4,4,4,2,2
8,4
8,4,4,4
8,4,4,4,2,2
8,4,4,4
8,4,4
8,4
16,8,8,8,4
16,8
8,4,4,2,2
8,4,4
8,4,4
8,4,4,4,4,4,4,2,2,2,2,2,2,2,2,2,2,2,2,1,1,1,1,1,1,1,1
8,4,4,4,4,4,4,4,4,2,2,2,2
8,4,4,4,4,4,4,4,4,4,2,2,2,2,2,2,2,2
8,4,4,4,4,4,4,4,4,2,2,2,2
8,4,4,4,4,4,2,2,2,2,2,2
8,4,4,4,4
8,4,4,4,4,2,2,2,2
8,4,4,4,4,4
8,4,4,4,4,2,2,2,2
8,4,4,4,4
8,4,4,4,4
8,4,4,4,2,2,2,2
8,4,4,4,4,2,2
8,4,4,4
8,4,4
8,4,4,4
16,8,8,8,8,4,4,4
16,8,8,8,8,4,4
16,8,8,8,8,8,4,4,4,4,4,4,4,4,2,2,2,2
16,8,8,8,8,8,8,4,4,4,4,4,4
16,8,8,8,8,8,8,8,4,4,4,4,4,4,4
16,8,8,8,8,8,8,4,4
32,16,16,16,16,16,16,8,8,8,8,8,8,8,4,4
32,16,16,16,16,16,8,8
16,8,8,8,8,4,4,4,4,4,4,2,2,2,2
16,8,8,8,8,8,8,4,4,4,4
16,8,8,8,8,8
16,8,8,8,8,4,4,4,4,4
4,2,1,1
4
4,2,2,2
4
8,4,2
8,4
4,2,2,2,1,1,1,1
8,4,4,2,2,2,2
8,4,4,4,2,2,2,2,1,1,1,1
8,4,4,4,4,2,2,2,2,2,2
8,4,4,4,2,2,2
8,4,4,4,4,2,2
16,8,8,8,4,4,4,2,2
16,8,8,8,4,4
8,4,4,4,4,4,4,4,2,2,2,2,1,1,1,1
8,4,4,4,2,2,2
8,4,4,4
8,4
8,4,4,4,4,4,4,4,4,4,2,2,2,2,2,2
8,4,4,4,4,2,2
8,4,4,4
8,4
16,8,8,8,8,8,4,4,4,2,2
16,8,8,8,8,4,4
8,4,4,4,2,1,1
8,4,2,2
8,4,4,2,2
8,4,4,2
8,4,2,2
8,4,2
8,4,4,2,2,2
8,4,4
16,8,8,4,2
16,8,4,4
16,8,4
16,8
8,4,4,4,4,4,4,2,2,2,2,1,1,1,1
8,4,4,4,4,4,4,4,2,2,2,2,2,2
8,4,4,2,2,2
8,4,4,2,2
8,4,4,4,4,2,2,2,1,1,1,1
8,4,4,4,4,4,2,2,2,2
8,4,4,4,4,2,2,2,2
8,4,4,4,4,2,2,2,2
16,8,8,8,4,4,2,2,2,2
16,8,8,8,8,4,4,4,4
16,8,8,8,8,4,4,4,2,2
16,8,8,4,4
16,8,8,8,8,8,4,4,4,4,4,4,4,2,2,2,2,1,1,1,1
16,8,8,8,8,8,4,4,4,4,2,2,2,2
16,8,8,8,8,8,4,4,4,4,2,2,2,2
16,8,8,8,8,8,4,4,4,2,2
16,8,8,8,4,4,4,4,2,2,2,2
16,8,8,8,4,4,4,2,2
16,8,8,8,8,4,4,4,2,2,2
16,8,8,8,4,4,4
16,8,8,8,8,4,4,4,4,4,4,4,2,2,2,2,2,2
16,8,8,8,8,8,4,4,4,4,4,4,2,2,2,2
16,8,8,8,8,8,8,4,4,4,4
16,8,8,8,8,8,8,4,4,4,4,4,2,2
16,8,8,8,8,4,4,4,4
16,8,8,8,4,4,4,4,4,2,2
16,8,8,8,4,4,2,2
16,8,8,8,8,4,4,4,4,4
32,16,16,16,16,8,8,8,8,8,4,4,4,2,2
32,16,16,16,16,8,8,8,8,4,4,4,4
32,16,16,16,8,8,8,4,4
32,16,16,16,16,8,8
3,1,1,1
3
3
9,3
6,3,3,2,2,1,1
18,9,9,6,3,3
6,3,3,2,2,2,1,1,1,1,1,1
6,3,3,2,2,1,1
6,3,3
6,3,3
6,3,3
6,3,3
18,9,9,6,3,3
6,3,1,1,1
6,3,2,1
6,2,2,2
6,2,2
18,9,3
18,6
12,6,6,6,4,3,3,2,2,2,1,1
12,6,6,4,4,2,2,2,2
12,6,6,6,3,3,2,2,1,1
12,6,6,4,4,2,2
36,18,18,18,9,9,6,3,3
36,18,18,12,6,6
6,3,2,1
6
6
6,3,3
6,3,3
6,2,2
6,3,3,2,2,2,1,1,1,1,1,1
12,6,6,6,4,3,3,2,2,2,1,1
12,6,6,4,4,2,2,2,2
12,6,6,6,6,6,4,3,3,2,2,2,1,1
12,6,6
12,6,6
12,6,6,6,6,6,6,3,3,3,3
12,6,6,6,6,6,6,3,3,3,3
12,6,6,4,4,2,2,2,2
12,6,6,3,2,1
12,6,4,2
12,6,4,2
12,6,2,2
12,6,6,6,3,3,2,2,2,1,1,1,1,1,1
12,6,6,4,4,4,2,2,2,2,2,2
12,6,6,6,4,3,3,2,2,2,1,1
12,6,6,4,4,2,2,2,2
24,12,12,12,12,6,6,6,6,6,4,3,3,2,2,2,1,1
24,12,12,12,12,8,6,6,4,4,4,2,2
24,12,12,12,8,6,6,4,4,4,2,2
24,12,12,12,6,6,4,4,2,2,2,2
12,6,6,6,6,4,3,3,1,1
48,24,24,16,4,4,4,4
24,12,12,8,6,2
12,4
24,12,8
24,12,12,8,6,6,6,6,3,3,1,1
24,12,12,8,6,4,4,2
96,48,48,32,24,24,8,4,4
96,48,32,16,16,8,8
48,24,16,12,12,8,6,2
24,8,4,4
48,24,16,8,8
24,12,12,12,8,6,6,3,3,1,1
24,12,12,12,12,12,8,6,6,6,4,4,2
96,48,48,48,32,24,24,8,4,4
96,48,48,32,16,16,8,8
48,24,24,24,16,12,12,8,6,2
24,12,8,4,4
24,12,8,4,4
48,24,24,24,16,12,12,8,8
24,12,12,6,6,4,3,3,1,1
96,48,24,24,16,4,4,4,4
48,24,24,12,12,8,6,2
24,12,12,12,8,6,6,6,2
96,48,48,32,24,24,8,8
48,24,16,12,12
48,24,24,24,12,12,12,8,6,6,3,3,1,1
48,24,24,16,12,12,8,6,2
48,24,24,16,12,12,12,8,6,6,6,2
48,24,24,24,24,12,12,8,6,4,4,2
192,96,96,48,48,48,32,24,24,8,4,4
192,96,96,64,48,48,24,24,8,8
192,96,96,48,32,16,16,8,8
192,96,96,64,48,32,32,16
96,48,48,48,24,24,16,12,12,8,6,2
96,48,48,32,24,24,16,16
